716378294
-1373749841
-1685029070
-1720541006
-2043037812
-2075448977
-2117252988
-2069352982
-1756219916
-1925135356
-1953665756
-1983026275
-1824613191
-1835573724
-1830488202
-1685989649
-1716584292
-1528754293
-1659929445
-1610787458
-1626129453
-1631486956
-1628656861
-1579070906
-1598400970
-1390865703
-1409568084
-1479436466
-1500570675
-1479503849
-1469431266
-1416798969
-884585735
-901712283
-999571379
-1141943264
-1228868406
-1236200247
-1314013111
-1347658208
-1228845363
-1167400326
-1172058528
-1152020683
-1012911011
-1135914611
-1038649096
-959683746
-932254280
-930675152
-900849590
-885355012
-114610511
-791799990
-793795045
-847650486
-818458575
-592304721
-774562559
-643941988
-770227615
-772963835
-749989335
-644000864
-627732141
-633333620
-598353573
-324333595
-553125914
-587902433
-571472443
-574092188
-561190689
-447157038
-517331872
-484828816
-454174458
-401285705
-442574329
-336098212
-398144511
-325408719
-330947451
-328112744
-299527389
-314258038
-294516590
-177475266
-180057932
-146917422
-127494298
-102879152
-107019163
145920483
36762235
-50161075
-99858525
34393875
44354515
112691048
103344711
124304435
121753992
716300335
159842393
230073835
175225046
174709741
199294802
199022341
431932851
341011072
283002012
422498111
341307867
358949238
715665250
590818571
590353025
520931947
477571468
577800779
591360705
623813698
608838154
670232646
713930498
1387003717
1318187672
808882740
723412162
756659129
794470515
795431358
1040452204
970786835
913616162
812412410
814851207
813369905
906539396
852597067
827227090
819146810
818301192
848997338
892803303
956110320
1014778805
985981959
1015367736
1301521715
1198561641
1118134860
1103000002
1079866905
1120510313
1305996862
1384303410
2075547280
1650674195
1428732391
1408846499
1480664012
1468941721
1461915524
1476601163
1477872478
1589316133
1557521886
1521851075
1535573864
1522973911
1530042502
1583857344
1566070617
1583562007
1637000655
2049732566
2034700874
1901906011
1739109970
1688688999
1855548336
1750503872
1801312476
1822066293
1819881924
1861486756
1866858726
1957916424
1922379745
2024466126
1983409522
2035601101
2049315943
2088528226
2082271612
2094210079
2106902417
