-325408719
-517331872
-50161075
827227090
341011072
-1983026275
103344711
-442574329
2035601101
2049315943
422498111
591360705
-1610787458
623813698
-1626129453
1014778805
-484828816
-454174458
1750503872
-1824613191
1305996862
1983409522
-1631486956
1688688999
1801312476
-127494298
-330947451
-1500570675
-99858525
1522973911
608838154
1530042502
1922379745
-1628656861
1118134860
-1469431266
-818458575
-1685989649
1583857344
1822066293
670232646
-1314013111
520931947
795431358
-644000864
199294802
-561190689
199022341
1566070617
1861486756
985981959
813369905
341307867
2106902417
-1579070906
1015367736
1583562007
1103000002
848997338
577800779
-2069352982
-598353573
358949238
819146810
477571468
-314258038
-1716584292
1120510313
-1479503849
-1835573724
713930498
-1012911011
-885355012
-107019163
1866858726
1079866905
1461915524
124304435
-328112744
-1598400970
1476601163
121753992
892803303
956110320
174709741
-1135914611
-1347658208
-1038649096
-2117252988
1819881924
-1830488202
1477872478
283002012
818301192
-398144511
-1416798969
34393875
-772963835
-633333620
-1152020683
