716378294
-1373749841
-884585735
-114610511
-102879152
-791799990
-592304721
1387003717
-1685029070
-901712283
-324333595
-999571379
145920483
1318187672
808882740
716300335
2075547280
1650674195
2088528226
159842393
-793795045
-1528754293
-1141943264
-299527389
1040452204
-1720541006
-900849590
-553125914
-587902433
-1390865703
230073835
-774562559
2049732566
970786835
-2043037812
2034700874
2082271612
-2075448977
36762235
-1756219916
1428732391
-294516590
1901906011
-1228868406
-571472443
1739109970
431932851
-959683746
-643941988
-177475266
913616162
-1228845363
1480664012
-1925135356
1384303410
-447157038
715665250
-847650486
1589316133
812412410
-401285705
814851207
-770227615
-1167400326
1557521886
-1953665756
-1409568084
-1172058528
44354515
112691048
-336098212
2094210079
1301521715
1521851075
723412162
756659129
590818571
1957916424
1198561641
-627732141
175225046
-932254280
1468941721
-180057932
906539396
794470515
852597067
-146917422
1535573864
-749989335
1855548336
-1236200247
-930675152
-1659929445
2024466126
590353025
-574092188
1637000655
-1479436466
1408846499
